281.56
3795.72
2868.46
5937.07
6053.24
4050.64
1425.61
4773.64
4429.73
1935.93
9430.71
2889.19
2738.68
6282.45
8397.93
4960.1
2561.79
1619.52
2348.74
6189.49
4015.43
7638.35
3728.86
9714.35
8459.12
634.49
4985.55
823.12
4918.79
7758.13
7852.53
7299.69
1354.93
8075.06
1922.4
3010.99
925.29
4696.69
8750.87
4086.72
1466.48
1630.73
6189.59
3652.73
1759.59
3669.04
9197.71
6022.15
376.56
514.42
1224.38
6046.52
4929.7
433.81
8153.69
1600.41
6749.93
9302.39
3341.49
6434.24
2310.22
1918.49
7253.93
291.34
7263.7
666.77
6720.04
8463.26
3949.09
1892.34
142.19
1682.62
1372.16
6411.05
1736.87
5041.2
9608.4
1210.45
5056.68
7031.5
8434.93
9157.43
4559.33
1297.58
9175.77
7695.86
2041.03
8780.91
9181.76
7824.87
6076.04
191.86
3669
6802.01
9490.45
9160.19
3387.05
4442.9
379.63
4526.28
3539
9555.13
3860.44
4992.27
730.53
5683.57
4768.92
5232.97
7370.05
5310.52
8027.21
6908.63
9305.11
693.93
2386.38
9550.27
4988.81
5060.74
5927.05
8401.62
2104.48
925.32
6409.79
5918.39
4535.32
7391.19
3890.53
7192.1
1196.04
1755.33
6244.02
3744.16
3201.39
1894.75
7161.04
943.94
944.65
2742.85
1835.02
5316.77
3685.93
3946.68
124.23
5833.78
5263.97
5801.33
9196.94
4011.28
4740.01
7006.35
7084.32
309.62
2491.12
8779.67
8139.99
3645.36
961.52
4661.89
6236.21
2726.25
2502.57
859.54
6017.7
5315.15
1036.54
195.15
637.95
9449.97
1734
2442.07
4526.14
5943.32
4292.19
1570.8
188.01
8639.5
3077.53
3452.34
312.59
2415.16
5580.99
6132
8667.27
4544.6
1372.38
2484.29
63.64
9041.14
686.9
9767.97
3955.28
4280.6
7902.34
5063.11
4295.71
1560.85
7111.86
7574.53
1069.5
4003.67